account_id	SK_Day	measure	countOfDetailedCells	beliefProbability
3354	19940705	4980	1	0.86
6061	19980528	5148	1	0.08
8330	19940330	7656	1	0.83
8268	19970926	8616	1	0.85
6453	19980517	10944	1	0.89
5033	19960725	11400	1	0.49
6040	19941002	11736	1	0.26
666	19971128	12540	1	0.22
7559	19980711	12792	1	0.05
3637	19970901	14028	1	0.70
5215	19940804	14628	1	0.92
4476	19960925	15192	1	0.64
3064	19950321	15420	1	0.71
9140	19981110	16032	1	0.78
6792	19970317	17184	1	0.68
6363	19941025	17508	1	0.77
2413	19981006	17952	1	0.32
9513	19970716	18324	1	0.67
3752	19950402	18564	1	0.65
10954	19970402	18720	1	0.33
10001	19960711	19044	1	0.89
3329	19971208	19248	1	0.41
2268	19960718	20196	1	0.86
4580	19950805	20220	1	0.84
5126	19960111	20352	1	0.83
7819	19950202	20832	1	0.93
8475	19940121	21072	1	0.85
4825	19950818	21396	1	0.78
7861	19951008	21852	1	0.65
10364	19931110	21924	1	0.93
10148	19980127	22104	1	0.82
938	19980521	22260	1	0.01
5164	19980323	22356	1	0.65
2134	19970317	22932	1	0.53
6688	19961023	22968	1	0.86
3834	19940928	23052	1	0.79
9242	19970124	23184	1	0.72
2142	19980307	23328	1	0.23
10445	19980122	23412	1	0.73
1329	19970906	23520	1	0.64
3674	19940910	23628	1	0.32
10711	19971224	24180	1	0.79
813	19940511	24312	1	0.72
2486	19940110	24516	1	0.61
2986	19971206	24792	1	0.62
6930	19940526	25944	1	1.00
6097	19971022	26208	1	0.77
176	19970410	27456	1	0.12
7765	19951211	27984	1	0.84
6030	19950304	28248	1	0.89
9199	19960911	29448	1	0.45
8159	19950613	29784	1	0.30
3161	19980616	30012	1	0.32
1766	19960615	30060	1	0.36
19	19960429	30276	1	0.41
25	19971208	30276	1	0.83
7418	19960429	30276	1	0.12
7424	19971208	30276	1	0.60
10799	19980711	31140	1	0.68
5774	19951128	31176	1	0.60
2962	19941221	31248	1	0.64
10345	19980121	31260	1	0.72
9677	19970617	31620	1	0.20
7607	19950327	31728	1	0.65
5541	19960718	32640	1	0.35
8742	19970729	33144	1	0.25
4626	19970618	33348	1	0.19
8776	19950826	33984	1	0.37
6440	19970617	34572	1	0.02
8038	19980118	35856	1	0.17
1244	19970228	35904	1	0.87
9897	19950922	36168	1	0.11
8225	19980330	36204	1	0.88
9472	19950508	36396	1	0.61
6425	19941220	36684	1	0.30
10257	19980902	37812	1	0.57
6738	19951031	37908	1	0.65
1869	19980129	37944	1	0.31
9034	19931216	38148	1	0.84
6505	19981008	38496	1	0.71
2018	19970121	38520	1	1.00
3229	19970501	39024	1	0.34
11327	19980927	39168	1	0.53
9263	19970508	39576	1	0.79
9265	19940711	39576	1	0.14
3390	19980311	40632	1	0.41
2982	19980417	41256	1	0.91
4099	19970731	41856	1	1.00
9307	19940919	41904	1	0.55
7546	19951102	41952	1	0.32
4268	19981104	41988	1	0.24
7636	19980126	42384	1	0.78
349	19980909	42816	1	0.50
8505	19971210	42840	1	0.66
7957	19970614	42900	1	0.38
6472	19950206	43164	1	0.01
1776	19980527	43200	1	0.87
3489	19950801	44088	1	0.62
10215	19970220	44304	1	0.19
5593	19960809	44376	1	0.30
5574	19960410	44628	1	0.71
2073	19981005	44640	1	0.01
9433	19981005	44640	1	0.71
11141	19971007	44940	1	0.59
1906	19971008	44952	1	0.44
8972	19961221	45024	1	0.75
1375	19950829	45336	1	0.08
7721	19980528	45456	1	0.88
10652	19980507	45720	1	0.21
10788	19940823	45768	1	0.17
10789	19971209	45768	1	0.20
9548	19961115	46176	1	0.53
2322	19960629	46320	1	0.39
7123	19931209	47016	1	0.16
8625	19950410	47304	1	0.92
11027	19971023	48096	1	0.41
2334	19970804	48312	1	0.70
816	19950108	48624	1	0.03
7133	19941106	48672	1	0.86
2994	19960914	48744	1	0.57
7274	19980312	49044	1	0.06
6902	19971221	49320	1	0.84
8073	19940217	49320	1	0.07
2352	19960429	49440	1	0.13
7156	19980416	49488	1	0.80
7181	19980517	49872	1	0.43
9031	19970503	50112	1	0.00
2824	19940716	50460	1	0.60
1083	19980416	50976	1	0.72
4320	19970809	51360	1	0.07
4337	19941208	51408	1	0.05
7753	19940311	51696	1	0.57
9337	19940604	52128	1	0.71
9153	19980301	52236	1	0.91
1284	19981205	52512	1	0.31
11265	19930915	52788	1	0.58
825	19970202	53076	1	0.77
5118	19970504	53232	1	0.80
2187	19971104	53472	1	0.92
11359	19960806	54024	1	0.30
10436	19960928	54396	1	0.20
7445	19940315	55368	1	0.07
1928	19981206	55632	1	0.01
8092	19960220	56100	1	0.31
5133	19980127	57060	1	0.69
10905	19970823	57120	1	0.02
1888	19970830	57360	1	0.14
5180	19980716	58764	1	0.42
4803	19970225	59136	1	0.85
9631	19971109	59448	1	0.78
9633	19970630	59448	1	0.27
6148	19941104	59760	1	0.65
10440	19950703	60000	1	0.46
6609	19951112	60156	1	0.66
5991	19941103	61056	1	0.53
4550	19980103	61320	1	0.36
2153	19961128	61560	1	0.88
5066	19960210	61656	1	0.56
3804	19960208	63252	1	0.24
7454	19940526	63312	1	0.06
7190	19950606	63360	1	0.16
3953	19980104	63576	1	0.33
7052	19971109	63972	1	0.18
1638	19980126	64224	1	0.71
4585	19961010	64656	1	0.27
6706	19980712	64860	1	0.51
5891	19940418	65184	1	0.83
2753	19970930	66432	1	0.86
4462	19960514	66480	1	0.67
4616	19980112	66696	1	0.64
4618	19970317	66696	1	0.23
314	19970503	66840	1	0.77
11271	19970131	67320	1	0.03
3455	19970307	67464	1	0.52
10807	19970307	67464	1	0.05
6138	19970730	67608	1	0.24
8688	19970320	67980	1	0.78
7857	19950118	68112	1	0.78
3249	19970827	68124	1	0.87
5358	19970124	68340	1	0.50
1993	19950415	68400	1	0.38
3754	19961103	68544	1	0.39
3448	19971020	68664	1	0.17
10762	19960917	68832	1	0.40
11065	19940612	69360	1	0.48
9159	19980608	69600	1	0.78
2725	19981108	69624	1	0.58
9024	19961004	70656	1	0.39
1256	19950529	71064	1	0.45
2143	19960909	71460	1	1.00
7965	19940930	71460	1	0.55
3403	19980627	71820	1	0.63
9052	19970226	71976	1	0.21
7859	19961119	72120	1	0.02
6400	19960212	72408	1	0.44
2247	19970224	72504	1	0.72
789	19951123	73056	1	0.41
7262	19970210	73260	1	0.70
4423	19951031	73836	1	0.29
4415	19970401	74040	1	0.62
7136	19960919	74124	1	0.87
8784	19980428	74352	1	0.22
8519	19940811	74688	1	0.62
8129	19940730	74736	1	0.60
1270	19970701	74772	1	0.79
3862	19980918	74916	1	0.01
10266	19931223	75624	1	0.46
4863	19970318	76080	1	0.24
8919	19980608	76104	1	0.13
3747	19950102	76380	1	0.23
9640	19950111	76416	1	0.15
8564	19950311	76680	1	0.70
6473	19940526	76908	1	0.55
718	19970820	76944	1	0.03
6510	19970506	76992	1	0.92
3230	19961004	77184	1	0.71
7745	19971220	77544	1	0.02
8027	19940605	77640	1	0.08
10068	19970728	77808	1	0.47
2165	19970822	78600	1	0.53
5445	19971001	78696	1	0.54
5944	19980618	78720	1	0.66
1603	19940206	78936	1	0.68
7890	19971014	79344	1	0.79
5270	19931122	79608	1	0.76
4259	19940827	79632	1	0.83
5196	19971228	79824	1	0.79
6353	19950212	79920	1	0.92
8173	19940520	80340	1	0.30
2	19940105	80952	1	0.51
7401	19940105	80952	1	0.27
4533	19980505	81144	1	0.03
9208	19981012	82128	1	0.55
3050	19940902	82896	1	0.02
5622	19941102	83016	1	0.55
9235	19970313	83280	1	0.80
2064	19970826	83628	1	0.11
9424	19970826	83628	1	0.12
7926	19960922	84120	1	0.74
440	19980313	84288	1	0.76
4033	19970320	84288	1	0.82
3967	19970329	84600	1	0.91
6289	19960811	85632	1	0.42
8680	19960714	85716	1	0.74
8492	19950903	85860	1	0.30
2062	19961029	86184	1	0.28
4467	19980803	86184	1	0.68
9422	19961029	86184	1	0.20
9236	19931221	86616	1	0.73
10361	19970602	86880	1	0.68
854	19950530	87216	1	0.68
5927	19940606	87216	1	0.89
6265	19970610	87360	1	0.09
6273	19940607	87360	1	0.32
4631	19971213	87528	1	0.07
4427	19940926	87816	1	0.11
8261	19930913	87840	1	0.08
9673	19980912	88200	1	0.98
8772	19970619	88272	1	0.44
132	19961106	88440	1	0.60
2988	19980708	88608	1	0.72
10351	19970304	88704	1	0.82
8321	19940509	89040	1	0.78
11231	19971024	89280	1	0.76
2580	19960802	89340	1	0.22
9928	19960802	89340	1	0.24
11138	19960119	89880	1	0.27
4361	19970329	90156	1	0.90
5317	19970307	90180	1	0.02
544	19960822	91152	1	0.28
7485	19940316	91200	1	0.57
309	19981125	91248	1	0.78
7844	19940625	91584	1	0.70
2694	19940308	91632	1	0.35
10049	19970328	91632	1	0.14
2116	19970804	92400	1	0.65
2227	19951212	92976	1	0.48
8523	19980215	93036	1	0.00
8039	19961020	93600	1	0.47
2705	19931208	93888	1	0.21
2720	19980427	93888	1	0.19
4473	19970103	93960	1	0.10
7674	19970321	94488	1	0.10
3273	19970921	94512	1	0.21
6701	19931208	95400	1	0.75
2419	19950130	95808	1	0.81
9814	19960926	96168	1	1.00
1787	19930705	96396	1	0.17
6985	19960725	96768	1	0.62
3916	19980712	96984	1	0.02
4715	19970314	97176	1	0.25
4414	19950223	97224	1	0.36
7907	19970831	97392	1	0.14
9833	19940521	97632	1	0.01
8169	19970812	97980	1	0.04
1012	19941028	98184	1	0.97
11079	19970426	98304	1	0.13
5650	19950710	98592	1	0.30
4907	19960103	98832	1	0.85
5698	19981121	99216	1	0.73
8114	19970815	99300	1	0.75
2343	19951104	99336	1	0.58
1247	19950316	99696	1	0.22
7180	19981117	99744	1	0.25
9377	19970429	99936	1	0.20
1447	19970603	100080	1	0.47
4342	19971209	100128	1	0.82
9017	19960326	100224	1	0.88
6649	19970522	100260	1	0.88
4127	19970815	100800	1	0.12
344	19941221	100980	1	0.69
2106	19961003	101520	1	0.15
675	19970401	102240	1	0.45
97	19970810	102876	1	0.88
5700	19950316	103680	1	0.98
9583	19951212	104712	1	0.09
9591	19950411	104712	1	0.45
173	19940531	104808	1	0.89
6495	19980428	104964	1	0.62
1843	19930803	105804	1	0.55
4052	19971228	106128	1	0.07
4660	19970528	106944	1	0.95
3942	19971014	107352	1	0.40
4727	19950811	107640	1	0.42
11111	19940131	108144	1	0.64
993	19980701	108720	1	0.96
226	19980712	109344	1	0.73
5001	19961109	110112	1	0.29
6434	19961111	110136	1	0.94
38	19980419	110736	1	0.23
7437	19980419	110736	1	0.05
2762	19940705	111384	1	0.83
303	19980530	112752	1	0.03
10243	19980922	113436	1	0.31
10884	19960213	113544	1	0.06
9731	19951122	113796	1	0.20
10963	19961225	115812	1	0.17
10738	19941221	115992	1	0.57
9730	19970815	116040	1	0.38
6686	19971225	116496	1	0.93
9494	19970209	116832	1	0.97
4894	19931104	117024	1	0.64
5269	19970202	117420	1	0.79
11069	19970304	119136	1	0.94
9403	19940805	120888	1	0.52
10105	19940827	121896	1	0.07
9201	19980205	122472	1	0.10
3112	19960224	123216	1	0.23
1480	19980119	123300	1	0.60
10411	19961211	123408	1	0.50
5794	19960506	123600	1	0.71
290	19941103	123696	1	0.29
6856	19970430	124344	1	0.59
8899	19951225	125340	1	0.98
1389	19980902	125472	1	0.08
1407	19980117	125472	1	0.44
9828	19950413	126600	1	0.84
9188	19930728	127080	1	0.86
6699	19970924	127200	1	0.72
8026	19970909	128268	1	0.31
1242	19970907	128544	1	0.63
4995	19960203	128988	1	0.49
5267	19971126	129312	1	0.62
11362	19961227	129408	1	0.17
7594	19971211	130464	1	0.12
3143	19980515	130896	1	0.52
10911	19940728	131292	1	0.53
10493	19980218	133800	1	0.88
3907	19980316	133848	1	0.34
9790	19960727	133968	1	0.94
8316	19950319	134784	1	0.85
4503	19960101	135360	1	0.84
2622	19980521	136344	1	0.63
10134	19980111	136368	1	0.31
6715	19950114	137880	1	0.07
4081	19951128	137904	1	0.47
2236	19960926	139464	1	0.43
6922	19981206	139488	1	0.87
9656	19950613	139536	1	0.21
7733	19980512	140064	1	0.77
8041	19941106	140400	1	0.77
3460	19980529	140688	1	0.28
10812	19980529	140688	1	0.76
5572	19980419	140880	1	0.82
5952	19940930	141240	1	0.33
4851	19960822	141648	1	0.16
1698	19960706	141948	1	0.75
1819	19980111	143676	1	0.28
4937	19940723	143904	1	0.04
7990	19980423	144960	1	0.46
3353	19970209	146064	1	0.92
1252	19970401	148140	1	0.99
11054	19960820	148920	1	0.32
1166	19940207	149040	1	0.11
5385	19940407	149340	1	0.24
4969	19970306	150180	1	0.34
6461	19970615	150912	1	0.85
4116	19980603	151200	1	0.33
10439	19940603	151560	1	0.90
9750	19950211	151728	1	0.52
7240	19980115	152160	1	0.89
10915	19980611	152460	1	0.61
7894	19971021	153144	1	0.42
7565	19970817	153504	1	0.36
3875	19980210	153936	1	0.65
10973	19931013	154416	1	0.44
10728	19960321	154656	1	0.52
3021	19961204	155616	1	0.78
9030	19961212	155616	1	0.89
7184	19960804	155640	1	0.84
11244	19971211	155760	1	0.95
8127	19960715	155880	1	0.50
785	19980212	156096	1	0.07
2728	19980615	156420	1	0.21
2361	19950401	156672	1	0.29
9560	19980315	157068	1	0.49
5395	19970905	158184	1	0.30
3629	19950530	158760	1	0.18
4079	19950405	158976	1	0.60
2350	19970511	159744	1	0.81
7997	19980205	160656	1	0.96
276	19981202	160920	1	0.69
3608	19960524	161496	1	0.99
1886	19960731	162468	1	0.58
110	19970908	162576	1	0.43
4681	19970315	162624	1	0.72
9156	19981201	163332	1	0.04
1527	19941119	164052	1	0.83
4293	19970522	164196	1	0.19
9225	19970413	164256	1	0.45
2496	19960112	165120	1	0.76
4999	19970518	165168	1	0.08
1498	19981007	165780	1	0.40
67	19960502	165960	1	0.47
1801	19930711	165960	1	0.48
10079	19940406	167100	1	0.98
4725	19971104	168264	1	0.11
11021	19950304	168984	1	0.33
2167	19941030	170256	1	0.08
7632	19980108	170448	1	0.18
8713	19980724	170700	1	0.45
5283	19980909	170832	1	0.15
9104	19940807	172080	1	0.93
1718	19980820	172272	1	0.96
8547	19960530	173016	1	0.90
5228	19940711	173808	1	0.12
8533	19960919	174048	1	0.88
5428	19930924	174744	1	0.77
5442	19940617	174744	1	0.38
3556	19980922	174840	1	0.79
3562	19980524	174960	1	0.25
9645	19960606	176148	1	0.37
2035	19980125	176328	1	0.21
5602	19971228	177504	1	1.00
3166	19950103	177744	1	0.87
5837	19970914	177804	1	0.21
873	19980224	178500	1	1.00
4981	19961128	179328	1	0.19
6397	19960916	181020	1	0.76
2218	19951118	182040	1	0.78
11135	19940301	182628	1	0.03
1250	19961125	182640	1	0.77
5912	19980623	184620	1	0.95
1318	19981011	185544	1	0.52
8639	19980606	185640	1	0.06
2228	19950329	185952	1	0.73
8931	19970130	186300	1	0.71
9006	19960608	186384	1	0.42
846	19960728	187104	1	0.75
347	19950501	187224	1	0.96
1004	19980411	188532	1	0.41
9353	19970608	188616	1	0.10
9493	19950909	188688	1	0.39
960	19950524	189060	1	0.56
9093	19940803	189300	1	0.90
7815	19960101	189696	1	0.60
7824	19940928	189696	1	0.05
1656	19981029	189792	1	0.37
1528	19970721	191088	1	0.07
9227	19980429	191580	1	0.75
7606	19951212	191880	1	0.22
1106	19941112	192552	1	0.43
4447	19961031	192744	1	0.69
4448	19941003	192744	1	0.51
5256	19940510	193968	1	0.47
7082	19980208	194160	1	0.23
1580	19971127	194256	1	0.16
10404	19980301	194280	1	0.38
6924	19951205	194880	1	0.72
10019	19960925	194940	1	0.94
7769	19940522	196080	1	0.10
10650	19980224	196224	1	0.80
472	19970428	196800	1	0.63
10940	19940223	197748	1	0.95
10679	19971002	197808	1	0.01
10630	19950624	198240	1	0.67
2345	19941211	199680	1	0.54
2456	19960415	200976	1	0.63
1772	19960313	202788	1	0.02
5362	19970821	202848	1	0.15
7176	19971130	203940	1	0.43
1011	19951218	204000	1	0.46
4746	19970907	204780	1	0.42
1978	19941204	205200	1	0.44
3418	19970610	207264	1	0.47
790	19940724	208128	1	0.98
8051	19940601	208320	1	0.32
10645	19980705	208332	1	0.43
1876	19980910	209040	1	0.49
5481	19940911	209184	1	0.73
525	19970716	210384	1	0.11
10005	19980729	210744	1	0.25
6555	19940331	212400	1	0.59
4144	19980621	212976	1	0.70
4852	19960304	213300	1	0.08
11096	19970609	213300	1	0.67
2080	19970912	214596	1	0.04
9179	19980228	215040	1	0.80
10131	19940502	215388	1	0.76
808	19960411	215616	1	0.63
11042	19951204	217152	1	0.95
10022	19980103	218064	1	0.15
4784	19971124	219456	1	0.28
8094	19970509	220428	1	0.28
7713	19980225	220440	1	0.45
8411	19960506	220620	1	0.66
4413	19950208	221280	1	0.72
5591	19970121	221880	1	0.52
3189	19961215	222180	1	0.82
8260	19940825	224604	1	0.54
5628	19950425	225420	1	0.66
9491	19980625	225504	1	0.21
8982	19941012	227880	1	0.21
9510	19961122	228276	1	0.13
2262	19981202	230220	1	0.89
8566	19940929	230220	1	0.97
378	19971011	230400	1	0.13
2699	19980830	231168	1	0.64
10093	19951020	231696	1	0.08
5724	19970108	232560	1	0.86
5742	19951216	232560	1	0.02
10063	19970624	233424	1	0.36
7099	19980610	234336	1	0.77
8158	19971101	238716	1	0.91
10233	19970503	239160	1	0.17
1811	19940623	239460	1	0.91
5305	19980331	240528	1	0.82
8645	19981208	240900	1	0.58
9627	19951122	244368	1	0.32
4260	19940629	244560	1	0.37
8327	19960310	247728	1	0.74
6157	19971228	247920	1	0.31
6158	19970208	247920	1	0.51
1762	19950428	248148	1	0.40
1967	19960421	249312	1	0.19
10613	19980815	249792	1	0.31
426	19940719	252060	1	0.73
1068	19980924	253200	1	0.88
1071	19940120	253200	1	0.06
3084	19960828	253512	1	0.62
3137	19980921	253560	1	0.89
4994	19960803	258444	1	0.56
10320	19931213	259740	1	0.99
10663	19951028	260028	1	0.48
8085	19971017	260400	1	0.88
10365	19970104	260640	1	0.97
501	19961024	262980	1	0.49
103	19971206	265320	1	0.57
8489	19950623	265320	1	0.77
8405	19951014	266220	1	0.18
10478	19980102	267600	1	0.93
2872	19970519	268320	1	0.85
10644	19980618	269964	1	0.45
6358	19960806	270384	1	0.24
6118	19950108	270648	1	0.71
2055	19980719	271260	1	0.47
3664	19970920	271584	1	0.65
9138	19970603	272220	1	0.50
9167	19980307	272220	1	0.93
2933	19940517	272520	1	0.65
11013	19930906	274740	1	0.98
3293	19981127	276084	1	0.39
5263	19961112	276300	1	0.87
6051	19940708	276660	1	0.39
3037	19960418	277884	1	0.94
9646	19980402	279072	1	0.38
11328	19980718	280440	1	0.32
940	19960529	284280	1	0.20
9241	19970619	285240	1	0.46
5632	19950725	285600	1	0.82
8558	19940614	288360	1	0.18
7523	19950103	288468	1	0.40
7045	19970616	288720	1	0.78
4949	19970830	289920	1	0.07
5735	19960221	290700	1	0.34
2000	19980714	290820	1	0.93
2445	19971226	293160	1	0.03
2051	19970422	293880	1	0.81
6678	19970709	294384	1	0.99
2176	19940730	299088	1	0.44
4576	19940604	300204	1	0.39
9859	19970810	300600	1	0.30
5313	19940227	300660	1	0.36
10202	19970619	305424	1	0.83
3859	19970502	307200	1	0.54
915	19950916	309552	1	0.80
7562	19951231	309600	1	0.09
8320	19970604	309660	1	0.37
10065	19970923	311232	1	0.11
10942	19951002	314520	1	0.36
2279	19980601	314688	1	0.53
3678	19950205	316140	1	0.11
11317	19981122	317460	1	0.13
5072	19970209	317520	1	0.11
37	19981014	318480	1	0.12
7614	19960518	320592	1	0.64
5213	19960425	320976	1	0.06
3115	19961115	321180	1	0.03
4456	19980209	321240	1	0.26
6062	19980419	321360	1	0.23
9037	19980915	321936	1	0.31
5120	19940810	323472	1	0.12
4354	19981030	327660	1	0.76
9869	19950315	331560	1	0.20
330	19980712	331584	1	0.31
8381	19970725	333648	1	0.23
3906	19980308	334620	1	0.76
4858	19980727	335184	1	0.71
2754	19970504	335280	1	0.02
10774	19980423	339168	1	0.55
9504	19970310	341280	1	0.59
2245	19950116	347952	1	0.22
10280	19971231	348120	1	0.31
5477	19971004	349392	1	0.86
105	19981205	352704	1	0.32
442	19970710	357840	1	0.12
4948	19961115	359760	1	0.20
2572	19960613	360000	1	0.69
6083	19970928	360864	1	0.52
5422	19960603	368880	1	0.68
319	19970711	369000	1	0.91
7795	19961029	372120	1	0.26
9455	19980207	374760	1	0.50
2912	19960229	380160	1	0.85
1093	19970613	385104	1	0.33
10857	19971130	385560	1	0.04
1808	19980930	385584	1	0.88
1583	19960824	388512	1	0.30
1374	19970915	389136	1	0.77
3005	19980605	390000	1	0.13
7637	19970129	390096	1	0.34
6592	19970824	390660	1	0.31
11186	19961002	392460	1	0.93
1862	19961016	396120	1	0.54
6226	19941220	398640	1	0.25
5181	19970428	399120	1	0.73
4650	19960825	402000	1	0.22
4190	19970828	405780	1	0.11
6075	19980106	407952	1	0.58
2246	19970205	415800	1	0.08
8377	19950601	417060	1	0.40
10520	19961205	417600	1	0.47
11349	19951029	419880	1	0.59
10297	19961118	421008	1	0.97
2545	19980213	428784	1	0.85
2910	19980829	437460	1	0.27
3679	19960723	444864	1	0.64
3711	19971105	460980	1	0.95
6034	19931201	464520	1	0.69
4774	19950709	465072	1	0.01
4794	19971227	465504	1	0.01
2516	19970613	466608	1	0.33
339	19971225	468060	1	0.24
7966	19970907	473280	1	0.29
6950	19970212	475680	1	0.80
10451	19941219	482940	1	0.63
7049	19980522	495180	1	0.02
2936	19980120	504000	1	0.84
817	19950217	538500	1	0.53
2335	19971112	541200	1	0.84
8926	19980123	566640	1	0.38
7542	19971019	590820	1	0.57
