account_id	SK_Day	measure	countOfDetailedCells	beliefProbability
3354	19940705	4980.0000	1	0.21
6061	19980528	5148.0000	1	0.15
8330	19940330	7656.0000	1	0.57
8268	19970926	8616.0000	1	0.43
6453	19980517	10944.0000	1	0.31
5033	19960725	11400.0000	1	0.55
6040	19941002	11736.0000	1	0.45
666	19971128	12540.0000	1	0.99
7559	19980711	12792.0000	1	0.49
3637	19970901	14028.0000	1	0.63
5215	19940804	14628.0000	1	0.54
4476	19960925	15192.0000	1	0.50
3064	19950321	15420.0000	1	0.34
9140	19981110	16032.0000	1	0.11
6792	19970317	17184.0000	1	0.55
6363	19941025	17508.0000	1	0.76
2413	19981006	17952.0000	1	0.93
9513	19970716	18324.0000	1	0.82
3752	19950402	18564.0000	1	0.80
10954	19970402	18720.0000	1	0.12
10001	19960711	19044.0000	1	0.96
3329	19971208	19248.0000	1	0.01
2268	19960718	20196.0000	1	0.09
4580	19950805	20220.0000	1	0.94
5126	19960111	20352.0000	1	0.87
7819	19950202	20832.0000	1	0.14
8475	19940121	21072.0000	1	0.32
4825	19950818	21396.0000	1	0.59
7861	19951008	21852.0000	1	0.94
10364	19931110	21924.0000	1	0.88
10148	19980127	22104.0000	1	0.56
938	19980521	22260.0000	1	0.59
5164	19980323	22356.0000	1	0.34
2134	19970317	22932.0000	1	0.87
6688	19961023	22968.0000	1	0.67
3834	19940928	23052.0000	1	0.79
9242	19970124	23184.0000	1	0.17
2142	19980307	23328.0000	1	0.55
10445	19980122	23412.0000	1	0.80
1329	19970906	23520.0000	1	0.16
3674	19940910	23628.0000	1	0.66
10711	19971224	24180.0000	1	0.48
813	19940511	24312.0000	1	0.94
2486	19940110	24516.0000	1	0.93
2986	19971206	24792.0000	1	0.45
6930	19940526	25944.0000	1	0.67
6097	19971022	26208.0000	1	0.26
176	19970410	27456.0000	1	0.06
7765	19951211	27984.0000	1	0.82
6030	19950304	28248.0000	1	0.44
9199	19960911	29448.0000	1	0.53
8159	19950613	29784.0000	1	0.57
3161	19980616	30012.0000	1	0.39
1766	19960615	30060.0000	1	0.52
19	19960429	30276.0000	1	0.92
25	19971208	30276.0000	1	0.40
7418	19960429	30276.0000	1	0.21
7424	19971208	30276.0000	1	0.08
10799	19980711	31140.0000	1	0.76
5774	19951128	31176.0000	1	0.53
2962	19941221	31248.0000	1	0.98
10345	19980121	31260.0000	1	0.69
9677	19970617	31620.0000	1	0.19
7607	19950327	31728.0000	1	0.89
5541	19960718	32640.0000	1	0.07
8742	19970729	33144.0000	1	0.46
4626	19970618	33348.0000	1	0.54
8776	19950826	33984.0000	1	0.80
6440	19970617	34572.0000	1	0.68
8038	19980118	35856.0000	1	0.71
1244	19970228	35904.0000	1	0.68
9897	19950922	36168.0000	1	0.47
8225	19980330	36204.0000	1	0.57
9472	19950508	36396.0000	1	0.64
6425	19941220	36684.0000	1	0.13
10257	19980902	37812.0000	1	0.03
6738	19951031	37908.0000	1	0.27
1869	19980129	37944.0000	1	0.83
9034	19931216	38148.0000	1	0.88
6505	19981008	38496.0000	1	0.48
2018	19970121	38520.0000	1	0.30
3229	19970501	39024.0000	1	0.12
11327	19980927	39168.0000	1	0.17
9263	19970508	39576.0000	1	0.01
9265	19940711	39576.0000	1	0.07
3390	19980311	40632.0000	1	0.92
2982	19980417	41256.0000	1	0.01
4099	19970731	41856.0000	1	0.45
9307	19940919	41904.0000	1	0.54
7546	19951102	41952.0000	1	0.12
4268	19981104	41988.0000	1	0.87
7636	19980126	42384.0000	1	0.24
349	19980909	42816.0000	1	0.44
8505	19971210	42840.0000	1	0.37
7957	19970614	42900.0000	1	0.23
6472	19950206	43164.0000	1	0.75
1776	19980527	43200.0000	1	0.17
3489	19950801	44088.0000	1	0.45
10215	19970220	44304.0000	1	0.94
5593	19960809	44376.0000	1	0.61
5574	19960410	44628.0000	1	0.91
2073	19981005	44640.0000	1	0.24
9433	19981005	44640.0000	1	0.41
11141	19971007	44940.0000	1	0.86
1906	19971008	44952.0000	1	0.85
8972	19961221	45024.0000	1	0.95
1375	19950829	45336.0000	1	0.71
7721	19980528	45456.0000	1	0.83
10652	19980507	45720.0000	1	0.90
10788	19940823	45768.0000	1	0.33
10789	19971209	45768.0000	1	0.72
9548	19961115	46176.0000	1	0.76
2322	19960629	46320.0000	1	0.78
7123	19931209	47016.0000	1	0.60
8625	19950410	47304.0000	1	0.30
11027	19971023	48096.0000	1	0.37
2334	19970804	48312.0000	1	0.97
816	19950108	48624.0000	1	0.84
7133	19941106	48672.0000	1	0.09
2994	19960914	48744.0000	1	0.74
7274	19980312	49044.0000	1	0.02
6902	19971221	49320.0000	1	0.01
8073	19940217	49320.0000	1	0.87
2352	19960429	49440.0000	1	0.17
7156	19980416	49488.0000	1	0.91
7181	19980517	49872.0000	1	0.65
9031	19970503	50112.0000	1	0.83
2824	19940716	50460.0000	1	0.15
1083	19980416	50976.0000	1	0.67
4320	19970809	51360.0000	1	0.42
4337	19941208	51408.0000	1	0.51
7753	19940311	51696.0000	1	0.90
9337	19940604	52128.0000	1	0.68
9153	19980301	52236.0000	1	0.57
1284	19981205	52512.0000	1	0.01
11265	19930915	52788.0000	1	0.94
825	19970202	53076.0000	1	0.19
5118	19970504	53232.0000	1	0.54
2187	19971104	53472.0000	1	0.50
11359	19960806	54024.0000	1	0.47
10436	19960928	54396.0000	1	0.71
7445	19940315	55368.0000	1	0.86
1928	19981206	55632.0000	1	0.26
8092	19960220	56100.0000	1	0.50
5133	19980127	57060.0000	1	0.81
10905	19970823	57120.0000	1	0.54
1888	19970830	57360.0000	1	0.09
5180	19980716	58764.0000	1	0.19
4803	19970225	59136.0000	1	0.44
9631	19971109	59448.0000	1	0.79
9633	19970630	59448.0000	1	0.16
6148	19941104	59760.0000	1	0.38
10440	19950703	60000.0000	1	0.46
6609	19951112	60156.0000	1	0.39
5991	19941103	61056.0000	1	0.14
4550	19980103	61320.0000	1	0.80
2153	19961128	61560.0000	1	0.19
5066	19960210	61656.0000	1	0.39
3804	19960208	63252.0000	1	0.67
7454	19940526	63312.0000	1	0.42
7190	19950606	63360.0000	1	0.99
3953	19980104	63576.0000	1	0.44
7052	19971109	63972.0000	1	0.67
1638	19980126	64224.0000	1	0.70
4585	19961010	64656.0000	1	0.56
6706	19980712	64860.0000	1	0.25
5891	19940418	65184.0000	1	0.37
2753	19970930	66432.0000	1	0.44
4462	19960514	66480.0000	1	0.68
4616	19980112	66696.0000	1	0.47
4618	19970317	66696.0000	1	0.11
314	19970503	66840.0000	1	0.72
11271	19970131	67320.0000	1	0.48
3455	19970307	67464.0000	1	0.02
10807	19970307	67464.0000	1	0.47
6138	19970730	67608.0000	1	0.56
8688	19970320	67980.0000	1	0.90
7857	19950118	68112.0000	1	0.42
3249	19970827	68124.0000	1	0.78
5358	19970124	68340.0000	1	0.14
1993	19950415	68400.0000	1	0.12
3754	19961103	68544.0000	1	0.57
3448	19971020	68664.0000	1	0.56
10762	19960917	68832.0000	1	0.06
11065	19940612	69360.0000	1	0.78
9159	19980608	69600.0000	1	0.29
2725	19981108	69624.0000	1	0.49
9024	19961004	70656.0000	1	0.42
1256	19950529	71064.0000	1	0.65
2143	19960909	71460.0000	1	0.20
7965	19940930	71460.0000	1	0.30
3403	19980627	71820.0000	1	0.45
9052	19970226	71976.0000	1	0.09
7859	19961119	72120.0000	1	0.07
6400	19960212	72408.0000	1	0.69
2247	19970224	72504.0000	1	0.31
789	19951123	73056.0000	1	0.09
7262	19970210	73260.0000	1	0.64
4423	19951031	73836.0000	1	0.85
4415	19970401	74040.0000	1	0.67
7136	19960919	74124.0000	1	0.29
8784	19980428	74352.0000	1	0.34
8519	19940811	74688.0000	1	0.68
8129	19940730	74736.0000	1	0.44
1270	19970701	74772.0000	1	0.36
3862	19980918	74916.0000	1	0.36
10266	19931223	75624.0000	1	0.40
4863	19970318	76080.0000	1	0.08
8919	19980608	76104.0000	1	0.68
3747	19950102	76380.0000	1	0.76
9640	19950111	76416.0000	1	0.78
8564	19950311	76680.0000	1	0.61
6473	19940526	76908.0000	1	0.33
718	19970820	76944.0000	1	0.61
6510	19970506	76992.0000	1	0.70
3230	19961004	77184.0000	1	0.76
7745	19971220	77544.0000	1	0.68
8027	19940605	77640.0000	1	0.54
10068	19970728	77808.0000	1	0.24
2165	19970822	78600.0000	1	0.20
5445	19971001	78696.0000	1	0.09
5944	19980618	78720.0000	1	0.29
1603	19940206	78936.0000	1	0.10
7890	19971014	79344.0000	1	0.19
5270	19931122	79608.0000	1	0.51
4259	19940827	79632.0000	1	0.11
5196	19971228	79824.0000	1	0.14
6353	19950212	79920.0000	1	0.01
8173	19940520	80340.0000	1	0.81
2	19940105	80952.0000	1	0.71
7401	19940105	80952.0000	1	0.76
4533	19980505	81144.0000	1	0.19
9208	19981012	82128.0000	1	0.47
3050	19940902	82896.0000	1	0.26
5622	19941102	83016.0000	1	0.29
9235	19970313	83280.0000	1	0.44
2064	19970826	83628.0000	1	0.62
9424	19970826	83628.0000	1	0.61
7926	19960922	84120.0000	1	0.31
440	19980313	84288.0000	1	0.15
4033	19970320	84288.0000	1	0.04
3967	19970329	84600.0000	1	0.06
6289	19960811	85632.0000	1	0.99
8680	19960714	85716.0000	1	0.86
8492	19950903	85860.0000	1	0.97
2062	19961029	86184.0000	1	0.26
4467	19980803	86184.0000	1	0.53
9422	19961029	86184.0000	1	0.81
9236	19931221	86616.0000	1	0.68
10361	19970602	86880.0000	1	0.41
854	19950530	87216.0000	1	0.20
5927	19940606	87216.0000	1	0.29
6265	19970610	87360.0000	1	0.95
6273	19940607	87360.0000	1	0.15
4631	19971213	87528.0000	1	0.49
4427	19940926	87816.0000	1	0.80
8261	19930913	87840.0000	1	0.84
9673	19980912	88200.0000	1	0.42
8772	19970619	88272.0000	1	0.82
132	19961106	88440.0000	1	0.48
2988	19980708	88608.0000	1	0.08
10351	19970304	88704.0000	1	0.73
8321	19940509	89040.0000	1	0.90
11231	19971024	89280.0000	1	0.91
2580	19960802	89340.0000	1	0.51
9928	19960802	89340.0000	1	0.75
11138	19960119	89880.0000	1	0.34
4361	19970329	90156.0000	1	0.99
5317	19970307	90180.0000	1	0.56
544	19960822	91152.0000	1	0.20
7485	19940316	91200.0000	1	0.12
309	19981125	91248.0000	1	0.58
7844	19940625	91584.0000	1	0.14
2694	19940308	91632.0000	1	0.98
10049	19970328	91632.0000	1	0.87
2116	19970804	92400.0000	1	0.93
2227	19951212	92976.0000	1	0.24
8523	19980215	93036.0000	1	0.69
8039	19961020	93600.0000	1	0.18
2705	19931208	93888.0000	1	0.04
2720	19980427	93888.0000	1	0.85
4473	19970103	93960.0000	1	0.39
7674	19970321	94488.0000	1	0.04
3273	19970921	94512.0000	1	0.53
6701	19931208	95400.0000	1	0.91
2419	19950130	95808.0000	1	0.38
9814	19960926	96168.0000	1	0.75
1787	19930705	96396.0000	1	0.03
6985	19960725	96768.0000	1	0.37
3916	19980712	96984.0000	1	0.37
4715	19970314	97176.0000	1	0.04
4414	19950223	97224.0000	1	0.37
7907	19970831	97392.0000	1	0.62
9833	19940521	97632.0000	1	0.37
8169	19970812	97980.0000	1	0.62
1012	19941028	98184.0000	1	0.56
11079	19970426	98304.0000	1	0.10
5650	19950710	98592.0000	1	0.76
4907	19960103	98832.0000	1	0.58
5698	19981121	99216.0000	1	0.74
8114	19970815	99300.0000	1	0.20
2343	19951104	99336.0000	1	0.83
1247	19950316	99696.0000	1	0.65
7180	19981117	99744.0000	1	0.88
9377	19970429	99936.0000	1	0.45
1447	19970603	100080.0000	1	0.68
4342	19971209	100128.0000	1	0.35
9017	19960326	100224.0000	1	0.63
6649	19970522	100260.0000	1	0.65
4127	19970815	100800.0000	1	0.94
344	19941221	100980.0000	1	0.44
2106	19961003	101520.0000	1	0.40
675	19970401	102240.0000	1	0.22
97	19970810	102876.0000	1	0.99
5700	19950316	103680.0000	1	0.48
9583	19951212	104712.0000	1	0.21
9591	19950411	104712.0000	1	0.82
173	19940531	104808.0000	1	0.65
6495	19980428	104964.0000	1	0.72
1843	19930803	105804.0000	1	0.65
4052	19971228	106128.0000	1	0.51
4660	19970528	106944.0000	1	0.44
3942	19971014	107352.0000	1	0.57
4727	19950811	107640.0000	1	0.41
11111	19940131	108144.0000	1	0.69
993	19980701	108720.0000	1	0.36
226	19980712	109344.0000	1	0.63
5001	19961109	110112.0000	1	0.24
6434	19961111	110136.0000	1	0.62
38	19980419	110736.0000	1	0.84
7437	19980419	110736.0000	1	0.95
2762	19940705	111384.0000	1	0.99
303	19980530	112752.0000	1	0.01
10243	19980922	113436.0000	1	0.24
10884	19960213	113544.0000	1	0.28
9731	19951122	113796.0000	1	0.66
10963	19961225	115812.0000	1	0.49
10738	19941221	115992.0000	1	0.42
9730	19970815	116040.0000	1	0.73
6686	19971225	116496.0000	1	0.41
9494	19970209	116832.0000	1	0.13
4894	19931104	117024.0000	1	0.61
5269	19970202	117420.0000	1	0.73
11069	19970304	119136.0000	1	0.98
9403	19940805	120888.0000	1	0.21
10105	19940827	121896.0000	1	0.91
9201	19980205	122472.0000	1	0.56
3112	19960224	123216.0000	1	0.29
1480	19980119	123300.0000	1	0.46
10411	19961211	123408.0000	1	0.34
5794	19960506	123600.0000	1	0.80
290	19941103	123696.0000	1	0.45
6856	19970430	124344.0000	1	0.31
8899	19951225	125340.0000	1	0.83
1389	19980902	125472.0000	1	0.37
1407	19980117	125472.0000	1	0.52
9828	19950413	126600.0000	1	0.12
9188	19930728	127080.0000	1	0.33
6699	19970924	127200.0000	1	0.93
8026	19970909	128268.0000	1	0.45
1242	19970907	128544.0000	1	0.31
4995	19960203	128988.0000	1	0.50
5267	19971126	129312.0000	1	0.90
11362	19961227	129408.0000	1	0.95
7594	19971211	130464.0000	1	0.80
3143	19980515	130896.0000	1	0.95
10911	19940728	131292.0000	1	0.41
10493	19980218	133800.0000	1	0.97
3907	19980316	133848.0000	1	0.04
9790	19960727	133968.0000	1	0.65
8316	19950319	134784.0000	1	0.12
4503	19960101	135360.0000	1	0.19
2622	19980521	136344.0000	1	0.32
10134	19980111	136368.0000	1	0.08
6715	19950114	137880.0000	1	0.73
4081	19951128	137904.0000	1	0.81
2236	19960926	139464.0000	1	0.42
6922	19981206	139488.0000	1	0.73
9656	19950613	139536.0000	1	0.28
7733	19980512	140064.0000	1	0.83
8041	19941106	140400.0000	1	0.90
3460	19980529	140688.0000	1	0.59
10812	19980529	140688.0000	1	0.77
5572	19980419	140880.0000	1	0.84
5952	19940930	141240.0000	1	0.21
4851	19960822	141648.0000	1	0.13
1698	19960706	141948.0000	1	0.36
1819	19980111	143676.0000	1	0.56
4937	19940723	143904.0000	1	0.70
7990	19980423	144960.0000	1	0.67
3353	19970209	146064.0000	1	0.24
1252	19970401	148140.0000	1	0.25
11054	19960820	148920.0000	1	0.98
1166	19940207	149040.0000	1	0.89
5385	19940407	149340.0000	1	0.26
4969	19970306	150180.0000	1	0.20
6461	19970615	150912.0000	1	0.01
4116	19980603	151200.0000	1	0.20
10439	19940603	151560.0000	1	0.55
9750	19950211	151728.0000	1	0.43
7240	19980115	152160.0000	1	0.21
10915	19980611	152460.0000	1	0.67
7894	19971021	153144.0000	1	0.74
7565	19970817	153504.0000	1	0.40
3875	19980210	153936.0000	1	0.81
10973	19931013	154416.0000	1	0.08
10728	19960321	154656.0000	1	0.79
3021	19961204	155616.0000	1	0.26
9030	19961212	155616.0000	1	0.02
7184	19960804	155640.0000	1	0.41
11244	19971211	155760.0000	1	0.29
8127	19960715	155880.0000	1	0.11
785	19980212	156096.0000	1	0.94
2728	19980615	156420.0000	1	0.34
2361	19950401	156672.0000	1	0.74
9560	19980315	157068.0000	1	0.58
5395	19970905	158184.0000	1	0.95
3629	19950530	158760.0000	1	0.29
4079	19950405	158976.0000	1	0.51
2350	19970511	159744.0000	1	0.79
7997	19980205	160656.0000	1	0.61
276	19981202	160920.0000	1	0.39
3608	19960524	161496.0000	1	0.05
1886	19960731	162468.0000	1	0.84
110	19970908	162576.0000	1	0.59
4681	19970315	162624.0000	1	0.98
9156	19981201	163332.0000	1	0.55
1527	19941119	164052.0000	1	0.17
4293	19970522	164196.0000	1	0.31
9225	19970413	164256.0000	1	0.72
2496	19960112	165120.0000	1	0.01
4999	19970518	165168.0000	1	0.76
1498	19981007	165780.0000	1	0.42
67	19960502	165960.0000	1	0.96
1801	19930711	165960.0000	1	0.65
10079	19940406	167100.0000	1	0.74
4725	19971104	168264.0000	1	1.00
11021	19950304	168984.0000	1	0.45
2167	19941030	170256.0000	1	0.41
7632	19980108	170448.0000	1	0.35
8713	19980724	170700.0000	1	0.27
5283	19980909	170832.0000	1	0.49
9104	19940807	172080.0000	1	0.82
1718	19980820	172272.0000	1	0.89
8547	19960530	173016.0000	1	0.59
5228	19940711	173808.0000	1	0.24
8533	19960919	174048.0000	1	0.28
5428	19930924	174744.0000	1	0.49
5442	19940617	174744.0000	1	0.01
3556	19980922	174840.0000	1	0.38
3562	19980524	174960.0000	1	0.97
9645	19960606	176148.0000	1	0.87
2035	19980125	176328.0000	1	0.62
5602	19971228	177504.0000	1	0.69
3166	19950103	177744.0000	1	0.33
5837	19970914	177804.0000	1	0.41
873	19980224	178500.0000	1	0.30
4981	19961128	179328.0000	1	0.92
6397	19960916	181020.0000	1	0.37
2218	19951118	182040.0000	1	0.69
11135	19940301	182628.0000	1	0.90
1250	19961125	182640.0000	1	0.64
5912	19980623	184620.0000	1	0.84
1318	19981011	185544.0000	1	0.71
8639	19980606	185640.0000	1	0.47
2228	19950329	185952.0000	1	0.58
8931	19970130	186300.0000	1	0.82
9006	19960608	186384.0000	1	0.28
846	19960728	187104.0000	1	0.11
347	19950501	187224.0000	1	0.28
1004	19980411	188532.0000	1	0.04
9353	19970608	188616.0000	1	0.32
9493	19950909	188688.0000	1	0.85
960	19950524	189060.0000	1	0.24
9093	19940803	189300.0000	1	0.27
7815	19960101	189696.0000	1	0.64
7824	19940928	189696.0000	1	0.30
1656	19981029	189792.0000	1	0.99
1528	19970721	191088.0000	1	0.60
9227	19980429	191580.0000	1	0.57
7606	19951212	191880.0000	1	0.97
1106	19941112	192552.0000	1	0.87
4447	19961031	192744.0000	1	0.84
4448	19941003	192744.0000	1	0.85
5256	19940510	193968.0000	1	0.95
7082	19980208	194160.0000	1	0.92
1580	19971127	194256.0000	1	0.16
10404	19980301	194280.0000	1	0.54
6924	19951205	194880.0000	1	0.62
10019	19960925	194940.0000	1	0.97
7769	19940522	196080.0000	1	0.83
10650	19980224	196224.0000	1	0.78
472	19970428	196800.0000	1	0.33
10940	19940223	197748.0000	1	0.24
10679	19971002	197808.0000	1	0.87
10630	19950624	198240.0000	1	0.50
2345	19941211	199680.0000	1	0.51
2456	19960415	200976.0000	1	0.38
1772	19960313	202788.0000	1	0.60
5362	19970821	202848.0000	1	0.42
7176	19971130	203940.0000	1	0.91
1011	19951218	204000.0000	1	0.41
4746	19970907	204780.0000	1	0.15
1978	19941204	205200.0000	1	0.58
3418	19970610	207264.0000	1	0.77
790	19940724	208128.0000	1	0.86
8051	19940601	208320.0000	1	0.50
10645	19980705	208332.0000	1	0.25
1876	19980910	209040.0000	1	0.79
5481	19940911	209184.0000	1	0.10
525	19970716	210384.0000	1	0.01
10005	19980729	210744.0000	1	0.50
6555	19940331	212400.0000	1	0.37
4144	19980621	212976.0000	1	0.19
4852	19960304	213300.0000	1	0.29
11096	19970609	213300.0000	1	0.89
2080	19970912	214596.0000	1	0.24
9179	19980228	215040.0000	1	0.02
10131	19940502	215388.0000	1	0.74
808	19960411	215616.0000	1	0.07
11042	19951204	217152.0000	1	0.49
10022	19980103	218064.0000	1	0.93
4784	19971124	219456.0000	1	0.03
8094	19970509	220428.0000	1	0.20
7713	19980225	220440.0000	1	0.69
8411	19960506	220620.0000	1	0.89
4413	19950208	221280.0000	1	0.92
5591	19970121	221880.0000	1	0.88
3189	19961215	222180.0000	1	0.10
8260	19940825	224604.0000	1	0.99
5628	19950425	225420.0000	1	0.04
9491	19980625	225504.0000	1	0.78
8982	19941012	227880.0000	1	0.92
9510	19961122	228276.0000	1	0.35
2262	19981202	230220.0000	1	0.91
8566	19940929	230220.0000	1	0.81
378	19971011	230400.0000	1	0.70
2699	19980830	231168.0000	1	0.73
10093	19951020	231696.0000	1	0.96
5724	19970108	232560.0000	1	0.08
5742	19951216	232560.0000	1	0.81
10063	19970624	233424.0000	1	0.22
7099	19980610	234336.0000	1	0.74
8158	19971101	238716.0000	1	0.38
10233	19970503	239160.0000	1	0.26
1811	19940623	239460.0000	1	0.30
5305	19980331	240528.0000	1	0.64
8645	19981208	240900.0000	1	0.71
9627	19951122	244368.0000	1	0.87
4260	19940629	244560.0000	1	0.79
8327	19960310	247728.0000	1	0.87
6157	19971228	247920.0000	1	0.65
6158	19970208	247920.0000	1	0.88
1762	19950428	248148.0000	1	0.81
1967	19960421	249312.0000	1	0.25
10613	19980815	249792.0000	1	0.00
426	19940719	252060.0000	1	0.19
1068	19980924	253200.0000	1	0.33
1071	19940120	253200.0000	1	0.66
3084	19960828	253512.0000	1	0.03
3137	19980921	253560.0000	1	0.50
4994	19960803	258444.0000	1	0.49
10320	19931213	259740.0000	1	0.06
10663	19951028	260028.0000	1	0.65
8085	19971017	260400.0000	1	1.00
10365	19970104	260640.0000	1	0.95
501	19961024	262980.0000	1	0.78
103	19971206	265320.0000	1	0.69
8489	19950623	265320.0000	1	0.05
8405	19951014	266220.0000	1	0.37
10478	19980102	267600.0000	1	0.20
2872	19970519	268320.0000	1	0.25
10644	19980618	269964.0000	1	0.07
6358	19960806	270384.0000	1	0.10
6118	19950108	270648.0000	1	0.81
2055	19980719	271260.0000	1	0.33
3664	19970920	271584.0000	1	0.88
9138	19970603	272220.0000	1	0.36
9167	19980307	272220.0000	1	0.12
2933	19940517	272520.0000	1	0.25
11013	19930906	274740.0000	1	0.43
3293	19981127	276084.0000	1	0.61
5263	19961112	276300.0000	1	0.59
6051	19940708	276660.0000	1	0.35
3037	19960418	277884.0000	1	0.56
9646	19980402	279072.0000	1	0.35
11328	19980718	280440.0000	1	0.99
940	19960529	284280.0000	1	0.43
9241	19970619	285240.0000	1	0.90
5632	19950725	285600.0000	1	0.09
8558	19940614	288360.0000	1	0.71
7523	19950103	288468.0000	1	0.45
7045	19970616	288720.0000	1	0.61
4949	19970830	289920.0000	1	0.32
5735	19960221	290700.0000	1	0.07
2000	19980714	290820.0000	1	0.93
2445	19971226	293160.0000	1	0.14
2051	19970422	293880.0000	1	0.25
6678	19970709	294384.0000	1	0.75
2176	19940730	299088.0000	1	0.88
4576	19940604	300204.0000	1	0.53
9859	19970810	300600.0000	1	0.23
5313	19940227	300660.0000	1	0.57
10202	19970619	305424.0000	1	0.88
3859	19970502	307200.0000	1	0.17
915	19950916	309552.0000	1	0.26
7562	19951231	309600.0000	1	0.62
8320	19970604	309660.0000	1	0.10
10065	19970923	311232.0000	1	0.19
10942	19951002	314520.0000	1	0.25
2279	19980601	314688.0000	1	0.40
3678	19950205	316140.0000	1	0.53
11317	19981122	317460.0000	1	0.03
5072	19970209	317520.0000	1	0.65
37	19981014	318480.0000	1	0.80
7614	19960518	320592.0000	1	0.79
5213	19960425	320976.0000	1	0.22
3115	19961115	321180.0000	1	0.79
4456	19980209	321240.0000	1	0.67
6062	19980419	321360.0000	1	0.30
9037	19980915	321936.0000	1	0.70
5120	19940810	323472.0000	1	0.58
4354	19981030	327660.0000	1	0.91
9869	19950315	331560.0000	1	0.24
330	19980712	331584.0000	1	0.12
8381	19970725	333648.0000	1	0.76
3906	19980308	334620.0000	1	0.50
4858	19980727	335184.0000	1	0.72
2754	19970504	335280.0000	1	0.80
10774	19980423	339168.0000	1	0.95
9504	19970310	341280.0000	1	0.03
2245	19950116	347952.0000	1	0.09
10280	19971231	348120.0000	1	0.62
5477	19971004	349392.0000	1	0.50
105	19981205	352704.0000	1	0.30
442	19970710	357840.0000	1	0.36
4948	19961115	359760.0000	1	0.39
2572	19960613	360000.0000	1	0.73
6083	19970928	360864.0000	1	0.98
5422	19960603	368880.0000	1	0.56
319	19970711	369000.0000	1	0.63
7795	19961029	372120.0000	1	0.78
9455	19980207	374760.0000	1	0.91
2912	19960229	380160.0000	1	0.33
1093	19970613	385104.0000	1	0.17
10857	19971130	385560.0000	1	0.15
1808	19980930	385584.0000	1	0.72
1583	19960824	388512.0000	1	0.52
1374	19970915	389136.0000	1	0.61
3005	19980605	390000.0000	1	0.00
7637	19970129	390096.0000	1	0.47
6592	19970824	390660.0000	1	0.15
11186	19961002	392460.0000	1	0.69
1862	19961016	396120.0000	1	0.50
6226	19941220	398640.0000	1	0.92
5181	19970428	399120.0000	1	0.33
4650	19960825	402000.0000	1	0.17
4190	19970828	405780.0000	1	0.07
6075	19980106	407952.0000	1	0.57
2246	19970205	415800.0000	1	0.55
8377	19950601	417060.0000	1	0.61
10520	19961205	417600.0000	1	0.98
11349	19951029	419880.0000	1	0.92
10297	19961118	421008.0000	1	0.38
2545	19980213	428784.0000	1	0.72
2910	19980829	437460.0000	1	0.54
3679	19960723	444864.0000	1	0.86
3711	19971105	460980.0000	1	0.37
6034	19931201	464520.0000	1	0.29
4774	19950709	465072.0000	1	0.32
4794	19971227	465504.0000	1	0.52
2516	19970613	466608.0000	1	0.82
339	19971225	468060.0000	1	0.07
7966	19970907	473280.0000	1	0.98
6950	19970212	475680.0000	1	0.25
10451	19941219	482940.0000	1	0.66
7049	19980522	495180.0000	1	0.27
2936	19980120	504000.0000	1	0.70
817	19950217	538500.0000	1	0.01
2335	19971112	541200.0000	1	0.40
8926	19980123	566640.0000	1	0.58
7542	19971019	590820.0000	1	0.76
